2.500000e-01 0.000000e+00
2.499922e-01 1.273963e-03
2.499842e-01 2.583891e-03
2.499653e-01 3.930605e-03
2.499398e-01 5.315133e-03
2.499062e-01 6.738360e-03
2.498613e-01 8.201228e-03
2.498090e-01 9.704796e-03
2.497426e-01 1.124988e-02
2.496673e-01 1.283768e-02
2.495771e-01 1.446900e-02
2.494744e-01 1.614497e-02
2.493580e-01 1.786668e-02
2.492232e-01 1.963483e-02
2.490780e-01 2.145122e-02
2.489059e-01 2.331557e-02
2.487202e-01 2.523017e-02
2.485144e-01 2.719567e-02
2.482827e-01 2.921254e-02
2.480318e-01 3.128276e-02
2.477566e-01 3.340699e-02
2.474500e-01 3.558544e-02
2.471182e-01 3.782017e-02
2.467589e-01 4.011218e-02
2.463660e-01 4.246177e-02
2.459365e-01 4.486962e-02
2.454727e-01 4.733737e-02
2.449718e-01 4.986586e-02
2.444314e-01 5.245585e-02
2.438486e-01 5.510809e-02
2.432207e-01 5.782323e-02
2.425428e-01 6.060143e-02
2.418142e-01 6.344367e-02
2.410325e-01 6.635065e-02
2.401946e-01 6.932281e-02
2.392976e-01 7.236054e-02
2.383381e-01 7.546411e-02
2.373104e-01 7.863289e-02
2.362124e-01 8.186736e-02
2.350413e-01 8.516765e-02
2.337936e-01 8.853370e-02
2.324659e-01 9.196532e-02
2.310548e-01 9.546229e-02
2.295503e-01 9.902147e-02
2.279517e-01 1.026434e-01
2.262581e-01 1.063286e-01
2.244606e-01 1.100737e-01
2.225530e-01 1.138764e-01
2.205384e-01 1.177390e-01
2.183994e-01 1.216527e-01
2.161440e-01 1.256222e-01
2.137558e-01 1.296386e-01
2.112408e-01 1.337055e-01
2.085804e-01 1.378112e-01
2.057811e-01 1.419597e-01
2.028324e-01 1.461438e-01
1.997262e-01 1.503567e-01
1.964624e-01 1.545977e-01
1.930344e-01 1.588609e-01
1.894342e-01 1.631383e-01
1.856557e-01 1.674229e-01
1.816962e-01 1.717105e-01
1.775503e-01 1.759935e-01
1.732127e-01 1.802641e-01
1.686784e-01 1.845141e-01
1.639429e-01 1.887348e-01
1.590019e-01 1.929172e-01
1.538516e-01 1.970521e-01
1.484847e-01 2.011242e-01
1.429010e-01 2.051268e-01
1.370986e-01 2.090502e-01
1.310751e-01 2.128827e-01
1.248232e-01 2.166031e-01
1.183483e-01 2.202096e-01
1.116456e-01 2.236814e-01
1.047169e-01 2.270083e-01
9.756167e-02 2.301731e-01
9.018349e-02 2.331658e-01
8.258112e-02 2.359619e-01
7.476162e-02 2.385559e-01
6.672823e-02 2.409298e-01
5.848406e-02 2.430594e-01
5.003778e-02 2.449365e-01
4.139655e-02 2.465441e-01
3.256880e-02 2.478652e-01
2.356427e-02 2.488830e-01
1.439403e-02 2.495813e-01
5.070447e-03 2.499443e-01
-4.392868e-03 2.499568e-01
-1.398105e-02 2.496041e-01
-2.367802e-02 2.488725e-01
-3.346655e-02 2.477488e-01
-4.332703e-02 2.462139e-01
-5.323999e-02 2.442604e-01
-6.318519e-02 2.418806e-01
-7.313903e-02 2.390590e-01
-8.307810e-02 2.357875e-01
-9.298022e-02 2.320651e-01
-1.028155e-01 2.278741e-01
-1.125635e-01 2.232240e-01
-1.221910e-01 2.180988e-01
-1.316759e-01 2.125087e-01
-1.409873e-01 2.064491e-01
-1.500958e-01 1.999222e-01
-1.589767e-01 1.929381e-01
-1.675979e-01 1.854991e-01
-1.759296e-01 1.776135e-01
-1.839471e-01 1.692963e-01
-1.916224e-01 1.605600e-01
-1.989274e-01 1.514191e-01
-2.058312e-01 1.418878e-01
-2.123130e-01 1.319891e-01
-2.183484e-01 1.217441e-01
-2.239143e-01 1.111758e-01
-2.289889e-01 1.003090e-01
-2.335525e-01 8.917030e-02
-2.375867e-01 7.778768e-02
-2.410757e-01 6.619076e-02
-2.440051e-01 5.441029e-02
-2.463633e-01 4.247815e-02
-2.481405e-01 3.042710e-02
-2.493294e-01 1.829060e-02
-2.499253e-01 6.102603e-03
-2.499253e-01 -6.102603e-03
-2.493294e-01 -1.829060e-02
-2.481405e-01 -3.042710e-02
-2.463633e-01 -4.247815e-02
-2.440051e-01 -5.441029e-02
-2.410757e-01 -6.619076e-02
-2.375867e-01 -7.778768e-02
-2.335525e-01 -8.917030e-02
-2.289889e-01 -1.003090e-01
-2.239143e-01 -1.111758e-01
-2.183484e-01 -1.217441e-01
-2.123130e-01 -1.319891e-01
-2.058312e-01 -1.418878e-01
-1.989274e-01 -1.514191e-01
-1.916224e-01 -1.605600e-01
-1.839471e-01 -1.692963e-01
-1.759296e-01 -1.776135e-01
-1.675979e-01 -1.854991e-01
-1.589767e-01 -1.929381e-01
-1.500958e-01 -1.999222e-01
-1.409873e-01 -2.064491e-01
-1.316759e-01 -2.125087e-01
-1.221910e-01 -2.180988e-01
-1.125635e-01 -2.232240e-01
-1.028155e-01 -2.278741e-01
-9.298022e-02 -2.320651e-01
-8.307810e-02 -2.357875e-01
-7.313903e-02 -2.390590e-01
-6.318519e-02 -2.418806e-01
-5.323999e-02 -2.442604e-01
-4.332703e-02 -2.462139e-01
-3.346655e-02 -2.477488e-01
-2.367802e-02 -2.488725e-01
-1.398105e-02 -2.496041e-01
-4.392868e-03 -2.499568e-01
5.070447e-03 -2.499443e-01
1.439403e-02 -2.495813e-01
2.356427e-02 -2.488830e-01
3.256880e-02 -2.478652e-01
4.139655e-02 -2.465441e-01
5.003778e-02 -2.449365e-01
5.848406e-02 -2.430594e-01
6.672823e-02 -2.409298e-01
7.476162e-02 -2.385559e-01
8.258112e-02 -2.359619e-01
9.018349e-02 -2.331658e-01
9.756167e-02 -2.301731e-01
1.047169e-01 -2.270083e-01
1.116456e-01 -2.236814e-01
1.183483e-01 -2.202096e-01
1.248232e-01 -2.166031e-01
1.310751e-01 -2.128827e-01
1.370986e-01 -2.090502e-01
1.429010e-01 -2.051268e-01
1.484847e-01 -2.011242e-01
1.538516e-01 -1.970521e-01
1.590019e-01 -1.929172e-01
1.639429e-01 -1.887348e-01
1.686784e-01 -1.845141e-01
1.732127e-01 -1.802641e-01
1.775503e-01 -1.759935e-01
1.816962e-01 -1.717105e-01
1.856557e-01 -1.674229e-01
1.894342e-01 -1.631383e-01
1.930344e-01 -1.588609e-01
1.964624e-01 -1.545977e-01
1.997262e-01 -1.503567e-01
2.028324e-01 -1.461438e-01
2.057811e-01 -1.419597e-01
2.085804e-01 -1.378112e-01
2.112408e-01 -1.337055e-01
2.137558e-01 -1.296386e-01
2.161440e-01 -1.256222e-01
2.183994e-01 -1.216527e-01
2.205384e-01 -1.177390e-01
2.225530e-01 -1.138764e-01
2.244606e-01 -1.100737e-01
2.262581e-01 -1.063286e-01
2.279517e-01 -1.026434e-01
2.295503e-01 -9.902147e-02
2.310548e-01 -9.546229e-02
2.324659e-01 -9.196532e-02
2.337936e-01 -8.853370e-02
2.350413e-01 -8.516765e-02
2.362124e-01 -8.186736e-02
2.373104e-01 -7.863289e-02
2.383381e-01 -7.546411e-02
2.392976e-01 -7.236054e-02
2.401946e-01 -6.932281e-02
2.410325e-01 -6.635065e-02
2.418142e-01 -6.344367e-02
2.425428e-01 -6.060143e-02
2.432207e-01 -5.782323e-02
2.438486e-01 -5.510809e-02
2.444314e-01 -5.245585e-02
2.449718e-01 -4.986586e-02
2.454727e-01 -4.733737e-02
2.459365e-01 -4.486962e-02
2.463660e-01 -4.246177e-02
2.467589e-01 -4.011218e-02
2.471182e-01 -3.782017e-02
2.474500e-01 -3.558544e-02
2.477566e-01 -3.340699e-02
2.480318e-01 -3.128276e-02
2.482827e-01 -2.921254e-02
2.485144e-01 -2.719567e-02
2.487202e-01 -2.523017e-02
2.489059e-01 -2.331557e-02
2.490780e-01 -2.145122e-02
2.492232e-01 -1.963483e-02
2.493580e-01 -1.786668e-02
2.494744e-01 -1.614497e-02
2.495771e-01 -1.446900e-02
2.496673e-01 -1.283768e-02
2.497426e-01 -1.124988e-02
2.498090e-01 -9.704796e-03
2.498613e-01 -8.201228e-03
2.499062e-01 -6.738360e-03
2.499398e-01 -5.315133e-03
2.499653e-01 -3.930605e-03
2.499842e-01 -2.583891e-03
2.499922e-01 -1.273963e-03
2.500000e-01 -6.123032e-17
