
# Surface 0 of 1 surfaces

# Curve title: ""cylinder_wake_map.dat" using 1:2:(($3 > speed_cap) ? speed_cap : $3)"

# Contour 0, label:        1
 4 -1.06854  1 
 3.99141 -1.06924  1 
 3.98283 -1.06994  1 
 3.97424 -1.07067  1 
 3.97085 -1.07097  1 
 3.96565 -1.07146  1 
 3.95707 -1.07231  1 
 3.94848 -1.07318  1 
 3.93989 -1.0741  1 
 3.93131 -1.07505  1 
 3.92272 -1.07605  1 
 3.91413 -1.0771  1 
 3.90555 -1.0782  1 
 3.89696 -1.07936  1 
 3.89547 -1.07957  1 
 3.88837 -1.08066  1 
 3.87979 -1.08204  1 
 3.8712 -1.0835  1 
 3.86261 -1.08504  1 
 3.85403 -1.08666  1 
 3.84636 -1.08817  1 
 3.84544 -1.08837  1 
 3.83685 -1.0903  1 
 3.82826 -1.09232  1 
 3.81968 -1.09444  1 
 3.81109 -1.09666  1 
 3.81065 -1.09677  1 
 3.8025 -1.09914  1 
 3.79392 -1.10174  1 
 3.78533 -1.10446  1 
 3.78251 -1.10538  1 
 3.77674 -1.10742  1 
 3.76816 -1.11055  1 
 3.75957 -1.1138  1 
 3.75912 -1.11398  1 
 3.75098 -1.11738  1 
 3.7424 -1.12108  1 
 3.739 -1.12258  1 
 3.73381 -1.12504  1 
 3.72522 -1.12921  1 
 3.72122 -1.13118  1 
 3.71664 -1.13361  1 
 3.70805 -1.13823  1 
 3.70519 -1.13978  1 
 3.69946 -1.14312  1 
 3.69088 -1.14817  1 
 3.69052 -1.14839  1 
 3.68229 -1.15357  1 
 3.67691 -1.15699  1 
 3.6737 -1.15915  1 
 3.66512 -1.16494  1 
 3.66415 -1.16559  1 
 3.65653 -1.17102  1 
 3.65208 -1.17419  1 
 3.64794 -1.17729  1 
 3.64056 -1.1828  1 
 3.63936 -1.18373  1 
 3.63077 -1.19041  1 
 3.62949 -1.1914  1 
 3.62218 -1.19728  1 
 3.61878 -1.2  1 


# Contour 1, label:     0.95
 2.96959 -0.446264  0.95 
 2.97818 -0.447206  0.95 
 2.98676 -0.448213  0.95 
 2.99535 -0.449285  0.95 
 3.00394 -0.450419  0.95 
 3.01251 -0.451613  0.95 
 3.02111 -0.45293  0.95 
 3.0297 -0.454303  0.95 
 3.03828 -0.455733  0.95 
 3.04687 -0.457218  0.95 
 3.05546 -0.458754  0.95 
 3.06337 -0.460215  0.95 
 3.06404 -0.460344  0.95 
 3.07263 -0.46205  0.95 
 3.08122 -0.463798  0.95 
 3.0898 -0.465585  0.95 
 3.09839 -0.467407  0.95 
 3.10491 -0.468817  0.95 
 3.10698 -0.46928  0.95 
 3.11556 -0.471244  0.95 
 3.12415 -0.473228  0.95 
 3.13274 -0.475228  0.95 
 3.14132 -0.477237  0.95 
 3.1421 -0.477419  0.95 
 3.14991 -0.479334  0.95 
 3.1585 -0.481436  0.95 
 3.16708 -0.483529  0.95 
 3.17567 -0.485606  0.95 
 3.17739 -0.486022  0.95 
 3.18426 -0.487739  0.95 
 3.19284 -0.489861  0.95 
 3.20143 -0.491947  0.95 
 3.21002 -0.493993  0.95 
 3.21271 -0.494624  0.95 
 3.2186 -0.496057  0.95 
 3.22719 -0.498096  0.95 
 3.23578 -0.500076  0.95 
 3.24436 -0.501991  0.95 
 3.25008 -0.503226  0.95 
 3.25295 -0.503869  0.95 
 3.26154 -0.505733  0.95 
 3.27013 -0.507518  0.95 
 3.27871 -0.509223  0.95 
 3.2873 -0.510845  0.95 
 3.29277 -0.511828  0.95 
 3.29589 -0.512411  0.95 
 3.30447 -0.513936  0.95 
 3.31306 -0.515372  0.95 
 3.32165 -0.516716  0.95 
 3.33023 -0.51797  0.95 
 3.33882 -0.519134  0.95 
 3.34741 -0.520208  0.95 
 3.34934 -0.52043  0.95 
 3.35599 -0.521233  0.95 
 3.36458 -0.522179  0.95 
 3.37317 -0.523034  0.95 
 3.38175 -0.523802  0.95 
 3.39034 -0.524484  0.95 
 3.39893 -0.525083  0.95 
 3.40751 -0.525602  0.95 
 3.4161 -0.526044  0.95 
 3.42469 -0.52641  0.95 
 3.43327 -0.526706  0.95 
 3.44186 -0.526933  0.95 
 3.45045 -0.527097  0.95 
 3.45903 -0.527199  0.95 
 3.46762 -0.527245  0.95 
 3.47621 -0.527237  0.95 
 3.48479 -0.527181  0.95 
 3.49338 -0.527081  0.95 
 3.50197 -0.52694  0.95 
 3.51055 -0.526764  0.95 
 3.51914 -0.526557  0.95 
 3.52773 -0.526323  0.95 
 3.53631 -0.526068  0.95 
 3.5449 -0.525796  0.95 
 3.55349 -0.525512  0.95 
 3.56208 -0.525219  0.95 
 3.57066 -0.524924  0.95 
 3.57925 -0.524631  0.95 
 3.58784 -0.524343  0.95 
 3.59642 -0.524066  0.95 
 3.60501 -0.523802  0.95 
 3.6136 -0.523557  0.95 
 3.62218 -0.523334  0.95 
 3.63077 -0.523136  0.95 
 3.63936 -0.522966  0.95 
 3.64794 -0.522829  0.95 
 3.65653 -0.522726  0.95 
 3.66512 -0.52266  0.95 
 3.6737 -0.522633  0.95 
 3.68229 -0.522648  0.95 
 3.69088 -0.522707  0.95 
 3.69946 -0.52281  0.95 
 3.70805 -0.522961  0.95 
 3.71664 -0.523158  0.95 
 3.72522 -0.523405  0.95 
 3.73381 -0.523701  0.95 
 3.7424 -0.524047  0.95 
 3.75098 -0.524444  0.95 
 3.75957 -0.524891  0.95 
 3.76816 -0.525389  0.95 
 3.77674 -0.525937  0.95 
 3.78533 -0.526536  0.95 
 3.79392 -0.527184  0.95 
 3.8025 -0.527881  0.95 
 3.81109 -0.528626  0.95 
 3.81549 -0.529032  0.95 
 3.81968 -0.529431  0.95 
 3.82826 -0.530297  0.95 
 3.83685 -0.531208  0.95 
 3.84544 -0.532163  0.95 
 3.85403 -0.53316  0.95 
 3.86261 -0.534197  0.95 
 3.8712 -0.535273  0.95 
 3.87979 -0.536384  0.95 
 3.88837 -0.537529  0.95 
 3.88914 -0.537634  0.95 
 3.89696 -0.538739  0.95 
 3.90555 -0.539981  0.95 
 3.91413 -0.541249  0.95 
 3.92272 -0.542538  0.95 
 3.93131 -0.543848  0.95 
 3.93989 -0.545172  0.95 
 3.94672 -0.546237  0.95 
 3.94848 -0.546518  0.95 
 3.95707 -0.547907  0.95 
 3.96565 -0.549302  0.95 
 3.97424 -0.550697  0.95 
 3.98283 -0.55209  0.95 
 3.99141 -0.553477  0.95 
 3.99991 -0.554839  0.95 
 4 -0.554853  0.95 

 4  0.570977  0.95 
 3.99141  0.570987  0.95 
 3.98283  0.571002  0.95 
 3.97424  0.571018  0.95 
 3.96565  0.571032  0.95 
 3.95707  0.571041  0.95 
 3.94848  0.57104  0.95 
 3.93989  0.571027  0.95 
 3.93131  0.570998  0.95 
 3.92272  0.570949  0.95 
 3.91413  0.570877  0.95 
 3.90555  0.570779  0.95 
 3.89696  0.57065  0.95 
 3.88837  0.570488  0.95 
 3.87979  0.57029  0.95 
 3.8712  0.570052  0.95 
 3.86261  0.569772  0.95 
 3.85403  0.569446  0.95 
 3.84544  0.569071  0.95 
 3.83685  0.568645  0.95 
 3.82826  0.568165  0.95 
 3.81968  0.56763  0.95 
 3.81109  0.567036  0.95 
 3.8025  0.566381  0.95 
 3.79392  0.565664  0.95 
 3.78533  0.564883  0.95 
 3.77674  0.564036  0.95 
 3.77115  0.563441  0.95 
 3.76816  0.563135  0.95 
 3.75957  0.562195  0.95 
 3.75098  0.561188  0.95 
 3.7424  0.560115  0.95 
 3.73381  0.558974  0.95 
 3.72522  0.557766  0.95 
 3.71664  0.55649  0.95 
 3.70805  0.555148  0.95 
 3.70616  0.554839  0.95 
 3.69946  0.553786  0.95 
 3.69088  0.552374  0.95 
 3.68229  0.550901  0.95 
 3.6737  0.549369  0.95 
 3.66512  0.547778  0.95 
 3.65707  0.546237  0.95 
 3.65653  0.546137  0.95 
 3.64794  0.544509  0.95 
 3.63936  0.542832  0.95 
 3.63077  0.541112  0.95 
 3.62218  0.539349  0.95 
 3.614  0.537634  0.95 
 3.6136  0.537553  0.95 
 3.60501  0.535794  0.95 
 3.59642  0.534006  0.95 
 3.58784  0.532196  0.95 
 3.57925  0.530365  0.95 
 3.57303  0.529032  0.95 
 3.57066  0.528541  0.95 
 3.56208  0.52676  0.95 
 3.55349  0.524974  0.95 
 3.5449  0.523188  0.95 
 3.53631  0.521408  0.95 
 3.53156  0.52043  0.95 
 3.52773  0.519667  0.95 
 3.51914  0.517979  0.95 
 3.51055  0.516309  0.95 
 3.50197  0.514661  0.95 
 3.49338  0.51304  0.95 
 3.48683  0.511828  0.95 
 3.48479  0.511464  0.95 
 3.47621  0.509968  0.95 
 3.46762  0.50851  0.95 
 3.45903  0.507091  0.95 
 3.45045  0.505715  0.95 
 3.44186  0.504386  0.95 
 3.43408  0.503226  0.95 
 3.43327  0.50311  0.95 
 3.42469  0.501928  0.95 
 3.4161  0.500798  0.95 
 3.40751  0.499722  0.95 
 3.39893  0.498702  0.95 
 3.39034  0.497738  0.95 
 3.38175  0.496833  0.95 
 3.37317  0.495988  0.95 
 3.36458  0.495204  0.95 
 3.35768  0.494624  0.95 
 3.35599  0.494487  0.95 
 3.34741  0.493854  0.95 
 3.33882  0.493282  0.95 
 3.33023  0.492772  0.95 
 3.32165  0.492322  0.95 
 3.31306  0.491934  0.95 
 3.30447  0.491607  0.95 
 3.29589  0.491341  0.95 
 3.2873  0.491134  0.95 
 3.27871  0.490987  0.95 
 3.27013  0.490897  0.95 
 3.26154  0.490864  0.95 
 3.25295  0.490885  0.95 
 3.24436  0.490959  0.95 
 3.23578  0.491083  0.95 
 3.22719  0.491254  0.95 
 3.2186  0.49147  0.95 
 3.21002  0.491726  0.95 
 3.20143  0.49202  0.95 
 3.19284  0.492347  0.95 
 3.18426  0.492702  0.95 
 3.17567  0.493081  0.95 
 3.16708  0.493478  0.95 
 3.1585  0.493889  0.95 
 3.14991  0.494308  0.95 
 3.14347  0.494624  0.95 
 3.14132  0.494733  0.95 
 3.13274  0.495171  0.95 
 3.12415  0.495598  0.95 
 3.11556  0.496009  0.95 
 3.10698  0.496396  0.95 
 3.09839  0.496753  0.95 
 3.0898  0.497074  0.95 
 3.08122  0.497352  0.95 
 3.07263  0.497581  0.95 
 3.06404  0.497755  0.95 
 3.05546  0.497867  0.95 
 3.04687  0.497912  0.95 
 3.03828  0.497884  0.95 
 3.0297  0.497777  0.95 
 3.02111  0.497587  0.95 
 3.01252  0.497307  0.95 
 3.00394  0.496934  0.95 
 2.99535  0.496461  0.95 
 2.98676  0.495885  0.95 
 2.97818  0.495202  0.95 
 2.97194  0.494624  0.95 
 2.96959  0.494419  0.95 
 2.961  0.49356  0.95 


# Contour 2, label:      0.9
 2.98676 -0.345826  0.9 
 2.99535 -0.346521  0.9 
 3.00394 -0.347279  0.9 
 3.01252 -0.348101  0.9 
 3.0153 -0.348387  0.9 
 3.02111 -0.349001  0.9 
 3.0297 -0.349975  0.9 
 3.03828 -0.351016  0.9 
 3.04687 -0.352125  0.9 
 3.05546 -0.353303  0.9 
 3.06404 -0.354551  0.9 
 3.07263 -0.355871  0.9 
 3.07953 -0.356989  0.9 
 3.08122 -0.357269  0.9 
 3.0898 -0.358765  0.9 
 3.09839 -0.360335  0.9 
 3.10698 -0.361979  0.9 
 3.11556 -0.363696  0.9 
 3.12415 -0.365487  0.9 
 3.12463 -0.365591  0.9 
 3.13274 -0.367384  0.9 
 3.14132 -0.369351  0.9 
 3.14991 -0.371383  0.9 
 3.1585 -0.373476  0.9 
 3.16136 -0.374194  0.9 
 3.16708 -0.375652  0.9 
 3.17567 -0.377889  0.9 
 3.18426 -0.380164  0.9 
 3.19284 -0.382468  0.9 
 3.19405 -0.382796  0.9 
 3.20143 -0.384832  0.9 
 3.21002 -0.387207  0.9 
 3.2186 -0.389573  0.9 
 3.22527 -0.391398  0.9 
 3.22719 -0.39193  0.9 
 3.23578 -0.394295  0.9 
 3.24436 -0.396609  0.9 
 3.25295 -0.398859  0.9 
 3.25743 -0.4  0.9 
 3.26154 -0.40106  0.9 
 3.27013 -0.403205  0.9 
 3.27871 -0.405247  0.9 
 3.2873 -0.407178  0.9 
 3.29404 -0.408602  0.9 
 3.29589 -0.409001  0.9 
 3.30447 -0.410744  0.9 
 3.31306 -0.412351  0.9 
 3.32165 -0.413817  0.9 
 3.33023 -0.415139  0.9 
 3.33882 -0.416314  0.9 
 3.34625 -0.417204  0.9 
 3.34741 -0.417347  0.9 
 3.35599 -0.418263  0.9 
 3.36458 -0.419026  0.9 
 3.37317 -0.419636  0.9 
 3.38175 -0.420096  0.9 
 3.39034 -0.420407  0.9 
 3.39893 -0.420571  0.9 
 3.40751 -0.420593  0.9 
 3.4161 -0.420475  0.9 
 3.42469 -0.420222  0.9 
 3.43327 -0.419839  0.9 
 3.44186 -0.41933  0.9 
 3.45045 -0.418702  0.9 
 3.45903 -0.417962  0.9 
 3.46675 -0.417204  0.9 
 3.46762 -0.41712  0.9 
 3.47621 -0.416206  0.9 
 3.48479 -0.415204  0.9 
 3.49338 -0.414124  0.9 
 3.50197 -0.412976  0.9 
 3.51055 -0.411768  0.9 
 3.51914 -0.410512  0.9 
 3.52773 -0.409219  0.9 
 3.53178 -0.408602  0.9 
 3.53631 -0.407913  0.9 
 3.5449 -0.406602  0.9 
 3.55349 -0.405283  0.9 
 3.56208 -0.403967  0.9 
 3.57066 -0.402661  0.9 
 3.57925 -0.401375  0.9 
 3.58784 -0.400117  0.9 
 3.58866 -0.4  0.9 
 3.59642 -0.398909  0.9 
 3.60501 -0.397742  0.9 
 3.6136 -0.39662  0.9 
 3.62218 -0.395548  0.9 
 3.63077 -0.39453  0.9 
 3.63936 -0.393568  0.9 
 3.64794 -0.392666  0.9 
 3.65653 -0.391826  0.9 
 3.66128 -0.391398  0.9 
 3.66512 -0.391054  0.9 
 3.6737 -0.39035  0.9 
 3.68229 -0.389712  0.9 
 3.69088 -0.389139  0.9 
 3.69946 -0.388633  0.9 
 3.70805 -0.388194  0.9 
 3.71664 -0.387822  0.9 
 3.72522 -0.387517  0.9 
 3.73381 -0.38728  0.9 
 3.7424 -0.387111  0.9 
 3.75098 -0.387009  0.9 
 3.75957 -0.386976  0.9 
 3.76816 -0.387011  0.9 
 3.77674 -0.387114  0.9 
 3.78533 -0.387285  0.9 
 3.79392 -0.387526  0.9 
 3.8025 -0.387836  0.9 
 3.81109 -0.388216  0.9 
 3.81968 -0.388666  0.9 
 3.82826 -0.389186  0.9 
 3.83685 -0.389777  0.9 
 3.84544 -0.39044  0.9 
 3.85403 -0.391174  0.9 
 3.85641 -0.391398  0.9 
 3.86261 -0.391985  0.9 
 3.8712 -0.392871  0.9 
 3.87979 -0.393829  0.9 
 3.88837 -0.394859  0.9 
 3.89696 -0.395961  0.9 
 3.90555 -0.397135  0.9 
 3.91413 -0.398379  0.9 
 3.92272 -0.399692  0.9 
 3.92463 -0.4  0.9 
 3.93131 -0.401081  0.9 
 3.93989 -0.402536  0.9 
 3.94848 -0.404054  0.9 
 3.95707 -0.405629  0.9 
 3.96565 -0.407258  0.9 
 3.97253 -0.408602  0.9 
 3.97424 -0.408938  0.9 
 3.98283 -0.410672  0.9 
 3.99141 -0.412441  0.9 
 4 -0.414238  0.9 

 4  0.422582  0.9 
 3.99141  0.423769  0.9 
 3.98283  0.424973  0.9 
 3.97695  0.425806  0.9 
 3.97424  0.426191  0.9 
 3.96565  0.427424  0.9 
 3.95707  0.428652  0.9 
 3.94848  0.429866  0.9 
 3.93989  0.431059  0.9 
 3.93131  0.432221  0.9 
 3.92272  0.433343  0.9 
 3.9142  0.434409  0.9 
 3.91413  0.434417  0.9 
 3.90555  0.435457  0.9 
 3.89696  0.436434  0.9 
 3.88837  0.437338  0.9 
 3.87979  0.438164  0.9 
 3.8712  0.438905  0.9 
 3.86261  0.439553  0.9 
 3.85403  0.440103  0.9 
 3.84544  0.44055  0.9 
 3.83685  0.44089  0.9 
 3.82826  0.441118  0.9 
 3.81968  0.441231  0.9 
 3.81109  0.441225  0.9 
 3.8025  0.441099  0.9 
 3.79392  0.44085  0.9 
 3.78533  0.440476  0.9 
 3.77674  0.439976  0.9 
 3.76816  0.439348  0.9 
 3.75957  0.438593  0.9 
 3.75098  0.43771  0.9 
 3.7424  0.436701  0.9 
 3.73381  0.435566  0.9 
 3.7259  0.434409  0.9 
 3.72522  0.434312  0.9 
 3.71664  0.432977  0.9 
 3.70805  0.431529  0.9 
 3.69946  0.429971  0.9 
 3.69088  0.42831  0.9 
 3.68229  0.426553  0.9 
 3.67879  0.425806  0.9 
 3.6737  0.424735  0.9 
 3.66512  0.422856  0.9 
 3.65653  0.420906  0.9 
 3.64794  0.418895  0.9 
 3.64088  0.417204  0.9 
 3.63936  0.416842  0.9 
 3.63077  0.414784  0.9 
 3.62218  0.412698  0.9 
 3.6136  0.410593  0.9 
 3.60549  0.408602  0.9 
 3.60501  0.408485  0.9 
 3.59642  0.406414  0.9 
 3.58784  0.404357  0.9 
 3.57925  0.402323  0.9 
 3.57066  0.40032  0.9 
 3.56925  0.4  0.9 
 3.56208  0.398382  0.9 
 3.55349  0.396495  0.9 
 3.5449  0.394659  0.9 
 3.53631  0.39288  0.9 
 3.5289  0.391398  0.9 
 3.52773  0.391165  0.9 
 3.51914  0.389536  0.9 
 3.51055  0.387973  0.9 
 3.50197  0.386479  0.9 
 3.49338  0.385055  0.9 
 3.48479  0.383701  0.9 
 3.47873  0.382796  0.9 
 3.47621  0.382425  0.9 
 3.46762  0.381234  0.9 
 3.45903  0.380114  0.9 
 3.45045  0.379065  0.9 
 3.44186  0.378087  0.9 
 3.43327  0.37718  0.9 
 3.42469  0.376342  0.9 
 3.4161  0.375574  0.9 
 3.40751  0.374875  0.9 
 3.39893  0.374245  0.9 
 3.39814  0.374194  0.9 
 3.39034  0.373692  0.9 
 3.38175  0.373207  0.9 
 3.37317  0.372788  0.9 
 3.36458  0.372437  0.9 
 3.35599  0.372152  0.9 
 3.34741  0.371934  0.9 
 3.33882  0.371782  0.9 
 3.33023  0.371697  0.9 
 3.32165  0.37168  0.9 
 3.31306  0.371729  0.9 
 3.30447  0.371847  0.9 
 3.29589  0.372033  0.9 
 3.2873  0.372287  0.9 
 3.27871  0.37261  0.9 
 3.27013  0.373003  0.9 
 3.26154  0.373466  0.9 
 3.25295  0.373999  0.9 
 3.2502  0.374194  0.9 
 3.24436  0.37461  0.9 
 3.23578  0.375297  0.9 
 3.22719  0.376054  0.9 
 3.2186  0.376881  0.9 
 3.21002  0.377776  0.9 
 3.20143  0.378738  0.9 
 3.19284  0.379763  0.9 
 3.18426  0.380848  0.9 
 3.17567  0.381988  0.9 
 3.16986  0.382796  0.9 
 3.16708  0.383186  0.9 
 3.1585  0.384445  0.9 
 3.14991  0.38574  0.9 
 3.14132  0.387063  0.9 
 3.13274  0.388402  0.9 
 3.12415  0.389747  0.9 
 3.11556  0.391085  0.9 
 3.11356  0.391398  0.9 
 3.10698  0.392434  0.9 
 3.09839  0.39376  0.9 
 3.0898  0.395043  0.9 
 3.08122  0.396269  0.9 
 3.07263  0.397424  0.9 
 3.06404  0.398497  0.9 
 3.05546  0.399475  0.9 
 3.05033  0.4  0.9 
 3.04687  0.400362  0.9 
 3.03828  0.401152  0.9 
 3.0297  0.401816  0.9 
 3.02111  0.402343  0.9 
 3.01252  0.402726  0.9 
 3.00394  0.402959  0.9 
 2.99535  0.403033  0.9 
 2.98676  0.402945  0.9 
 2.97818  0.402688  0.9 


# Contour 3, label:     0.85
 3.37317 -0.103078  0.85 
 3.3677 -0.107527  0.85 
 3.36959 -0.116129  0.85 
 3.37317 -0.117906  0.85 
 3.38175 -0.119083  0.85 
 3.39034 -0.117258  0.85 
 3.39232 -0.116129  0.85 
 3.39409 -0.107527  0.85 
 3.39034 -0.104029  0.85 
 3.38175 -0.101028  0.85 
 3.37317 -0.103078  0.85 

 3.75957  0.13507  0.85 
 3.7552  0.133333  0.85 
 3.75098  0.130714  0.85 
 3.74384  0.124731  0.85 
 3.7424  0.122309  0.85 
 3.73928  0.116129  0.85 
 3.73825  0.107527  0.85 
 3.73985  0.0989247  0.85 
 3.7424  0.0933412  0.85 
 3.74397  0.0903226  0.85 
 3.75091  0.0817204  0.85 
 3.75098  0.081651  0.85 
 3.75957  0.0749282  0.85 
 3.76269  0.0731183  0.85 
 3.76816  0.0703318  0.85 
 3.77674  0.0673482  0.85 
 3.78533  0.0656651  0.85 
 3.79392  0.0651938  0.85 
 3.8025  0.0659171  0.85 
 3.81109  0.0678897  0.85 
 3.81968  0.071242  0.85 
 3.8231  0.0731183  0.85 
 3.82826  0.0764874  0.85 
 3.83438  0.0817204  0.85 
 3.83685  0.0845568  0.85 
 3.84107  0.0903226  0.85 
 3.84487  0.0989247  0.85 
 3.84544  0.102607  0.85 
 3.84615  0.107527  0.85 
 3.84544  0.112171  0.85 
 3.8448  0.116129  0.85 
 3.83996  0.124731  0.85 
 3.83685  0.127568  0.85 
 3.82882  0.133333  0.85 
 3.82826  0.133586  0.85 
 3.81968  0.136564  0.85 
 3.81109  0.138491  0.85 
 3.8025  0.139587  0.85 
 3.79392  0.140002  0.85 
 3.78533  0.139807  0.85 
 3.77674  0.138995  0.85 
 3.76816  0.137476  0.85 
 3.75957  0.13507  0.85 

 2.99535 -0.267417  0.85 
 3.00394 -0.267804  0.85 
 3.01252 -0.268248  0.85 
 3.02111 -0.268751  0.85 
 3.0297 -0.269315  0.85 
 3.03828 -0.269942  0.85 
 3.04687 -0.270635  0.85 
 3.05062 -0.270968  0.85 
 3.05546 -0.271399  0.85 
 3.06404 -0.272235  0.85 
 3.07263 -0.273148  0.85 
 3.08122 -0.274144  0.85 
 3.0898 -0.275227  0.85 
 3.09839 -0.276404  0.85 
 3.10698 -0.277684  0.85 
 3.11556 -0.279075  0.85 
 3.11839 -0.27957  0.85 
 3.12415 -0.280583  0.85 
 3.13274 -0.282217  0.85 
 3.14132 -0.28399  0.85 
 3.14991 -0.285915  0.85 
 3.1585 -0.288003  0.85 
 3.15914 -0.288172  0.85 
 3.16708 -0.290247  0.85 
 3.17567 -0.292668  0.85 
 3.18426 -0.295276  0.85 
 3.18885 -0.296774  0.85 
 3.19284 -0.298059  0.85 
 3.20143 -0.301005  0.85 
 3.21002 -0.304123  0.85 
 3.21329 -0.305376  0.85 
 3.2186 -0.307371  0.85 
 3.22719 -0.310728  0.85 
 3.23528 -0.313978  0.85 
 3.23578 -0.314172  0.85 
 3.24436 -0.317636  0.85 
 3.25295 -0.321102  0.85 
 3.25661 -0.322581  0.85 
 3.26154 -0.324519  0.85 
 3.27013 -0.327845  0.85 
 3.27871 -0.331036  0.85 
 3.27912 -0.331183  0.85 
 3.2873 -0.334083  0.85 
 3.29589 -0.336931  0.85 
 3.30447 -0.339548  0.85 
 3.30531 -0.339785  0.85 
 3.31306 -0.341967  0.85 
 3.32165 -0.344131  0.85 
 3.33023 -0.346021  0.85 
 3.33882 -0.347632  0.85 
 3.34367 -0.348387  0.85 
 3.34741 -0.348984  0.85 
 3.35599 -0.350077  0.85 
 3.36458 -0.350882  0.85 
 3.37317 -0.3514  0.85 
 3.38175 -0.351632  0.85 
 3.39034 -0.351581  0.85 
 3.39893 -0.351247  0.85 
 3.40751 -0.350633  0.85 
 3.4161 -0.34974  0.85 
 3.42469 -0.348572  0.85 
 3.42581 -0.348387  0.85 
 3.43327 -0.347171  0.85 
 3.44186 -0.345513  0.85 
 3.45045 -0.343599  0.85 
 3.45903 -0.341444  0.85 
 3.46508 -0.339785  0.85 
 3.46762 -0.339074  0.85 
 3.47621 -0.336518  0.85 
 3.48479 -0.333776  0.85 
 3.49251 -0.331183  0.85 
 3.49338 -0.330881  0.85 
 3.50197 -0.327861  0.85 
 3.51055 -0.324752  0.85 
 3.51651 -0.322581  0.85 
 3.51914 -0.321583  0.85 
 3.52773 -0.318376  0.85 
 3.53631 -0.315195  0.85 
 3.5397 -0.313978  0.85 
 3.5449 -0.312037  0.85 
 3.55349 -0.308948  0.85 
 3.56208 -0.30597  0.85 
 3.56388 -0.305376  0.85 
 3.57066 -0.303075  0.85 
 3.57925 -0.300314  0.85 
 3.58784 -0.297703  0.85 
 3.59109 -0.296774  0.85 
 3.59642 -0.295212  0.85 
 3.60501 -0.292858  0.85 
 3.6136 -0.290654  0.85 
 3.62218 -0.288591  0.85 
 3.62405 -0.288172  0.85 
 3.63077 -0.286635  0.85 
 3.63936 -0.284803  0.85 
 3.64794 -0.283092  0.85 
 3.65653 -0.281496  0.85 
 3.66512 -0.280006  0.85 
 3.66782 -0.27957  0.85 
 3.6737 -0.278601  0.85 
 3.68229 -0.277286  0.85 
 3.69088 -0.276062  0.85 
 3.69946 -0.274925  0.85 
 3.70805 -0.273871  0.85 
 3.71664 -0.272896  0.85 
 3.72522 -0.271999  0.85 
 3.73381 -0.271178  0.85 
 3.73623 -0.270968  0.85 
 3.7424 -0.270421  0.85 
 3.75098 -0.269736  0.85 
 3.75957 -0.269124  0.85 
 3.76816 -0.268586  0.85 
 3.77674 -0.268121  0.85 
 3.78533 -0.26773  0.85 
 3.79392 -0.267414  0.85 
 3.8025 -0.267173  0.85 
 3.81109 -0.26701  0.85 
 3.81968 -0.266925  0.85 
 3.82826 -0.266921  0.85 
 3.83685 -0.266999  0.85 
 3.84544 -0.267163  0.85 
 3.85403 -0.267416  0.85 
 3.86261 -0.267761  0.85 
 3.8712 -0.268203  0.85 
 3.87979 -0.268748  0.85 
 3.88837 -0.269401  0.85 
 3.89696 -0.270169  0.85 
 3.90464 -0.270968  0.85 
 3.90555 -0.27106  0.85 
 3.91413 -0.272063  0.85 
 3.92272 -0.273206  0.85 
 3.93131 -0.274501  0.85 
 3.93989 -0.275964  0.85 
 3.94848 -0.277609  0.85 
 3.95707 -0.279456  0.85 
 3.95754 -0.27957  0.85 
 3.96565 -0.281462  0.85 
 3.97424 -0.283691  0.85 
 3.98283 -0.286165  0.85 
 3.98913 -0.288172  0.85 
 3.99141 -0.288875  0.85 
 4 -0.291774  0.85 

 2.98676  0.343372  0.85 
 2.99535  0.342897  0.85 
 3.00394  0.342132  0.85 
 3.01252  0.341082  0.85 
 3.02091  0.339785  0.85 
 3.02111  0.339755  0.85 
 3.0297  0.338211  0.85 
 3.03828  0.336411  0.85 
 3.04687  0.33437  0.85 
 3.05546  0.33211  0.85 
 3.05878  0.331183  0.85 
 3.06404  0.329682  0.85 
 3.07263  0.3271  0.85 
 3.08122  0.324383  0.85 
 3.08679  0.322581  0.85 
 3.0898  0.321576  0.85 
 3.09839  0.318715  0.85 
 3.10698  0.315835  0.85 
 3.11261  0.313978  0.85 
 3.11556  0.312971  0.85 
 3.12415  0.310151  0.85 
 3.13274  0.307416  0.85 
 3.13943  0.305376  0.85 
 3.14132  0.304785  0.85 
 3.14991  0.302263  0.85 
 3.1585  0.299883  0.85 
 3.16708  0.297648  0.85 
 3.17069  0.296774  0.85 
 3.17567  0.295547  0.85 
 3.18426  0.293587  0.85 
 3.19284  0.29177  0.85 
 3.20143  0.290088  0.85 
 3.21002  0.288532  0.85 
 3.21218  0.288172  0.85 
 3.2186  0.28709  0.85 
 3.22719  0.285759  0.85 
 3.23578  0.284534  0.85 
 3.24436  0.283409  0.85 
 3.25295  0.282375  0.85 
 3.26154  0.281428  0.85 
 3.27013  0.280562  0.85 
 3.27871  0.279774  0.85 
 3.28117  0.27957  0.85 
 3.2873  0.279057  0.85 
 3.29589  0.278411  0.85 
 3.30447  0.277833  0.85 
 3.31306  0.277321  0.85 
 3.32165  0.276875  0.85 
 3.33023  0.276492  0.85 
 3.33882  0.276172  0.85 
 3.34741  0.275915  0.85 
 3.35599  0.275719  0.85 
 3.36458  0.275586  0.85 
 3.37317  0.275516  0.85 
 3.38175  0.275509  0.85 
 3.39034  0.275566  0.85 
 3.39893  0.275688  0.85 
 3.40751  0.275876  0.85 
 3.4161  0.276133  0.85 
 3.42469  0.27646  0.85 
 3.43327  0.276859  0.85 
 3.44186  0.277332  0.85 
 3.45045  0.277884  0.85 
 3.45903  0.278518  0.85 
 3.46762  0.279237  0.85 
 3.47117  0.27957  0.85 
 3.47621  0.280042  0.85 
 3.48479  0.280939  0.85 
 3.49338  0.281936  0.85 
 3.50197  0.28304  0.85 
 3.51055  0.284259  0.85 
 3.51914  0.285603  0.85 
 3.52773  0.28708  0.85 
 3.53352  0.288172  0.85 
 3.53631  0.288695  0.85 
 3.5449  0.290446  0.85 
 3.55349  0.292359  0.85 
 3.56208  0.294446  0.85 
 3.57066  0.296717  0.85 
 3.57086  0.296774  0.85 
 3.57925  0.299138  0.85 
 3.58784  0.301747  0.85 
 3.59642  0.30455  0.85 
 3.59879  0.305376  0.85 
 3.60501  0.307499  0.85 
 3.6136  0.310602  0.85 
 3.62218  0.31386  0.85 
 3.62248  0.313978  0.85 
 3.63077  0.317183  0.85 
 3.63936  0.320595  0.85 
 3.64424  0.322581  0.85 
 3.64794  0.324038  0.85 
 3.65653  0.327463  0.85 
 3.66512  0.330852  0.85 
 3.66595  0.331183  0.85 
 3.6737  0.334146  0.85 
 3.68229  0.337323  0.85 
 3.68925  0.339785  0.85 
 3.69088  0.340345  0.85 
 3.69946  0.343201  0.85 
 3.70805  0.345847  0.85 
 3.71664  0.34826  0.85 
 3.71713  0.348387  0.85 
 3.72522  0.350472  0.85 
 3.73381  0.352431  0.85 
 3.7424  0.354126  0.85 
 3.75098  0.35555  0.85 
 3.75957  0.356703  0.85 
 3.76234  0.356989  0.85 
 3.76816  0.357607  0.85 
 3.77674  0.358242  0.85 
 3.78533  0.358598  0.85 
 3.79392  0.358675  0.85 
 3.8025  0.358473  0.85 
 3.81109  0.357992  0.85 
 3.81968  0.357232  0.85 
 3.82171  0.356989  0.85 
 3.82826  0.356219  0.85 
 3.83685  0.35494  0.85 
 3.84544  0.353388  0.85 
 3.85403  0.351567  0.85 
 3.86261  0.349483  0.85 
 3.86671  0.348387  0.85 
 3.8712  0.347164  0.85 
 3.87979  0.344613  0.85 
 3.88837  0.341833  0.85 
 3.89433  0.339785  0.85 
 3.89696  0.338847  0.85 
 3.90555  0.335674  0.85 
 3.91413  0.332344  0.85 
 3.91709  0.331183  0.85 
 3.92272  0.328867  0.85 
 3.93131  0.325287  0.85 
 3.93777  0.322581  0.85 
 3.93989  0.321644  0.85 
 3.94848  0.317936  0.85 
 3.95707  0.314264  0.85 
 3.95776  0.313978  0.85 
 3.96565  0.310569  0.85 
 3.97424  0.306974  0.85 
 3.97823  0.305376  0.85 
 3.98283  0.303449  0.85 
 3.99141  0.300032  0.85 
 4  0.296783  0.85 


# Contour 4, label:      0.8
 3.77674  0.297791  0.8 
 3.76852  0.296774  0.8 
 3.76816  0.296729  0.8 
 3.75957  0.295049  0.8 
 3.75098  0.2927  0.8 
 3.7424  0.289651  0.8 
 3.73892  0.288172  0.8 
 3.73381  0.285828  0.8 
 3.72522  0.281183  0.8 
 3.72256  0.27957  0.8 
 3.71664  0.275521  0.8 
 3.71057  0.270968  0.8 
 3.70805  0.268732  0.8 
 3.70116  0.262366  0.8 
 3.69946  0.260433  0.8 
 3.69355  0.253763  0.8 
 3.69088  0.249872  0.8 
 3.68743  0.245161  0.8 
 3.68272  0.236559  0.8 
 3.68229  0.235397  0.8 
 3.6791  0.227957  0.8 
 3.67694  0.219355  0.8 
 3.67648  0.210753  0.8 
 3.67843  0.202151  0.8 
 3.68229  0.196547  0.8 
 3.68475  0.193548  0.8 
 3.69088  0.189594  0.8 
 3.69946  0.18561  0.8 
 3.70111  0.184946  0.8 
 3.70805  0.182984  0.8 
 3.71664  0.180963  0.8 
 3.72522  0.179272  0.8 
 3.73381  0.177808  0.8 
 3.7424  0.17653  0.8 
 3.74373  0.176344  0.8 
 3.75098  0.175479  0.8 
 3.75957  0.174637  0.8 
 3.76816  0.174029  0.8 
 3.77674  0.17369  0.8 
 3.78533  0.17365  0.8 
 3.79392  0.173931  0.8 
 3.8025  0.174538  0.8 
 3.81109  0.175471  0.8 
 3.81721  0.176344  0.8 
 3.81968  0.176741  0.8 
 3.82826  0.178384  0.8 
 3.83685  0.18037  0.8 
 3.84544  0.182751  0.8 
 3.8522  0.184946  0.8 
 3.85403  0.185716  0.8 
 3.86261  0.189715  0.8 
 3.8693  0.193548  0.8 
 3.8712  0.195147  0.8 
 3.87852  0.202151  0.8 
 3.87979  0.204264  0.8 
 3.88349  0.210753  0.8 
 3.88559  0.219355  0.8 
 3.88564  0.227957  0.8 
 3.88399  0.236559  0.8 
 3.88072  0.245161  0.8 
 3.87979  0.246812  0.8 
 3.87601  0.253763  0.8 
 3.8712  0.260185  0.8 
 3.86955  0.262366  0.8 
 3.86261  0.269522  0.8 
 3.86112  0.270968  0.8 
 3.85403  0.276676  0.8 
 3.84999  0.27957  0.8 
 3.84544  0.282425  0.8 
 3.83685  0.287051  0.8 
 3.83438  0.288172  0.8 
 3.82826  0.290738  0.8 
 3.81968  0.293614  0.8 
 3.81109  0.295753  0.8 
 3.80511  0.296774  0.8 
 3.8025  0.297213  0.8 
 3.79392  0.298035  0.8 
 3.78533  0.298225  0.8 
 3.77674  0.297791  0.8 

 3.00394  0.155023  0.8 
 3.01252  0.154305  0.8 
 3.02111  0.152924  0.8 
 3.0297  0.150544  0.8 
 3.03828  0.145731  0.8 
 3.04293  0.141935  0.8 
 3.04687  0.135764  0.8 
 3.0482  0.133333  0.8 
 3.05003  0.124731  0.8 
 3.0496  0.116129  0.8 
 3.04732  0.107527  0.8 
 3.04687  0.10655  0.8 
 3.04345  0.0989247  0.8 
 3.03828  0.0911262  0.8 
 3.03773  0.0903226  0.8 
 3.02988  0.0817204  0.8 
 3.0297  0.0815582  0.8 
 3.02111  0.0746783  0.8 
 3.01877  0.0731183  0.8 
 3.01252  0.0694547  0.8 
 3.00394  0.0655557  0.8 

 2.98676  0.298422  0.8 
 2.99535  0.297122  0.8 
 2.997  0.296774  0.8 
 3.00394  0.29529  0.8 
 3.01252  0.292893  0.8 
 3.02111  0.289912  0.8 
 3.02542  0.288172  0.8 
 3.0297  0.286324  0.8 
 3.03828  0.282119  0.8 
 3.04302  0.27957  0.8 
 3.04687  0.277265  0.8 
 3.05546  0.271795  0.8 
 3.05673  0.270968  0.8 
 3.06404  0.265588  0.8 
 3.06843  0.262366  0.8 
 3.07263  0.258804  0.8 
 3.07886  0.253763  0.8 
 3.08122  0.251553  0.8 
 3.08867  0.245161  0.8 
 3.0898  0.244039  0.8 
 3.09839  0.236595  0.8 
 3.09844  0.236559  0.8 
 3.10698  0.229453  0.8 
 3.10911  0.227957  0.8 
 3.11556  0.223114  0.8 
 3.12169  0.219355  0.8 
 3.12415  0.217784  0.8 
 3.13274  0.213262  0.8 
 3.13855  0.210753  0.8 
 3.14132  0.20953  0.8 
 3.14991  0.206323  0.8 
 3.1585  0.203624  0.8 
 3.16385  0.202151  0.8 
 3.16708  0.201249  0.8 
 3.17567  0.199094  0.8 
 3.18426  0.197158  0.8 
 3.19284  0.195385  0.8 
 3.20143  0.193735  0.8 
 3.20245  0.193548  0.8 
 3.21002  0.192131  0.8 
 3.2186  0.190599  0.8 
 3.22719  0.18913  0.8 
 3.23578  0.187712  0.8 
 3.24436  0.186336  0.8 
 3.25295  0.184996  0.8 
 3.25328  0.184946  0.8 
 3.26154  0.183638  0.8 
 3.27013  0.182307  0.8 
 3.27871  0.181004  0.8 
 3.2873  0.179728  0.8 
 3.29589  0.178481  0.8 
 3.30447  0.177264  0.8 
 3.31114  0.176344  0.8 
 3.31306  0.176065  0.8 
 3.32165  0.174859  0.8 
 3.33023  0.17369  0.8 
 3.33882  0.172562  0.8 
 3.34741  0.171479  0.8 
 3.35599  0.170444  0.8 
 3.36458  0.16946  0.8 
 3.37317  0.168531  0.8 
 3.38093  0.167742  0.8 
 3.38175  0.167652  0.8 
 3.39034  0.166789  0.8 
 3.39893  0.165987  0.8 
 3.40751  0.165248  0.8 
 3.4161  0.164571  0.8 
 3.42469  0.163954  0.8 
 3.43327  0.163394  0.8 
 3.44186  0.162887  0.8 
 3.45045  0.16243  0.8 
 3.45903  0.162016  0.8 
 3.46762  0.161639  0.8 
 3.47621  0.161292  0.8 
 3.48479  0.160965  0.8 
 3.49338  0.16065  0.8 
 3.50197  0.160337  0.8 
 3.51055  0.160013  0.8 
 3.51914  0.159665  0.8 
 3.52773  0.159277  0.8 
 3.53041  0.15914  0.8 
 3.53631  0.15881  0.8 
 3.5449  0.158246  0.8 
 3.55349  0.157559  0.8 
 3.56208  0.156705  0.8 
 3.57066  0.155617  0.8 
 3.57925  0.1542  0.8 
 3.58784  0.152301  0.8 
 3.59376  0.150538  0.8 
 3.59642  0.149611  0.8 
 3.60501  0.145546  0.8 
 3.61026  0.141935  0.8 
 3.6136  0.139133  0.8 
 3.61858  0.133333  0.8 
 3.62218  0.128237  0.8 
 3.62407  0.124731  0.8 
 3.62829  0.116129  0.8 
 3.63077  0.110826  0.8 
 3.63204  0.107527  0.8 
 3.6355  0.0989247  0.8 
 3.63915  0.0903226  0.8 
 3.63936  0.0898689  0.8 
 3.6427  0.0817204  0.8 
 3.64661  0.0731183  0.8 
 3.64794  0.0704401  0.8 
 3.6507  0.0645161  0.8 
 3.65516  0.055914  0.8 
 3.65653  0.0534475  0.8 
 3.65987  0.0473118  0.8 
 3.66504  0.0387097  0.8 
 3.66512  0.0385889  0.8 
 3.67044  0.0301075  0.8 
 3.6737  0.0252266  0.8 
 3.67628  0.0215054  0.8 
 3.68229  0.0131727  0.8 
 3.6825  0.0129032  0.8 
 3.68899  0.00430108  0.8 
 3.69088  0.00177744  0.8 
 3.69579 -0.00430108  0.8 
 3.69946 -0.00901888  0.8 
 3.70278 -0.0129032  0.8 
 3.70805 -0.0194973  0.8 
 3.70983 -0.0215054  0.8 
 3.71664 -0.0300241  0.8 
 3.71671 -0.0301075  0.8 
 3.72319 -0.0387097  0.8 
 3.72522 -0.042043  0.8 
 3.72884 -0.0473118  0.8 
 3.73315 -0.055914  0.8 
 3.73381 -0.0583305  0.8 
 3.73571 -0.0645161  0.8 
 3.73599 -0.0731183  0.8 
 3.73381 -0.0808687  0.8 
 3.73357 -0.0817204  0.8 
 3.72828 -0.0903226  0.8 
 3.72522 -0.093498  0.8 
 3.71986 -0.0989247  0.8 
 3.71664 -0.101352  0.8 
 3.70817 -0.107527  0.8 
 3.70805 -0.107598  0.8 
 3.69946 -0.112572  0.8 
 3.69306 -0.116129  0.8 
 3.69088 -0.117164  0.8 
 3.68229 -0.121131  0.8 
 3.67415 -0.124731  0.8 
 3.6737 -0.124908  0.8 
 3.66512 -0.128183  0.8 
 3.65653 -0.131324  0.8 
 3.65079 -0.133333  0.8 
 3.64794 -0.134247  0.8 
 3.63936 -0.136891  0.8 
 3.63077 -0.139419  0.8 
 3.62218 -0.141827  0.8 
 3.62177 -0.141935  0.8 
 3.6136 -0.143971  0.8 
 3.60501 -0.145997  0.8 
 3.59642 -0.147904  0.8 
 3.58784 -0.149682  0.8 
 3.58322 -0.150538  0.8 
 3.57925 -0.151271  0.8 
 3.57066 -0.152652  0.8 
 3.56208 -0.15383  0.8 
 3.55349 -0.154717  0.8 
 3.5449 -0.155127  0.8 
 3.53631 -0.154565  0.8 
 3.52773 -0.151145  0.8 
 3.52713 -0.150538  0.8 
 3.52183 -0.141935  0.8 
 3.51914 -0.135355  0.8 
 3.51865 -0.133333  0.8 
 3.51613 -0.124731  0.8 
 3.51323 -0.116129  0.8 
 3.51055 -0.10967  0.8 
 3.50985 -0.107527  0.8 
 3.5062 -0.0989247  0.8 
 3.50197 -0.0909815  0.8 
 3.50166 -0.0903226  0.8 
 3.49668 -0.0817204  0.8 
 3.49338 -0.0770849  0.8 
 3.49071 -0.0731183  0.8 
 3.48479 -0.0658785  0.8 
 3.48369 -0.0645161  0.8 
 3.47621 -0.0566854  0.8 
 3.47544 -0.055914  0.8 
 3.46762 -0.0490029  0.8 
 3.46552 -0.0473118  0.8 
 3.45903 -0.0425249  0.8 
 3.45306 -0.0387097  0.8 
 3.45045 -0.0371281  0.8 
 3.44186 -0.0326174  0.8 
 3.43593 -0.0301075  0.8 
 3.43327 -0.0289833  0.8 
 3.42469 -0.0260286  0.8 
 3.4161 -0.0238736  0.8 
 3.40751 -0.0224367  0.8 
 3.39893 -0.0216595  0.8 
 3.39034 -0.0215075  0.8 
 3.38175 -0.0219709  0.8 
 3.37317 -0.0230651  0.8 
 3.36458 -0.0248319  0.8 
 3.35599 -0.0273414  0.8 
 3.34886 -0.0301075  0.8 
 3.34741 -0.0306368  0.8 
 3.33882 -0.0345565  0.8 
 3.33157 -0.0387097  0.8 
 3.33023 -0.0394682  0.8 
 3.32165 -0.0452459  0.8 
 3.31902 -0.0473118  0.8 
 3.31306 -0.0521879  0.8 
 3.30906 -0.055914  0.8 
 3.30447 -0.0605577  0.8 
 3.3009 -0.0645161  0.8 
 3.29589 -0.0708263  0.8 
 3.29416 -0.0731183  0.8 
 3.28858 -0.0817204  0.8 
 3.2873 -0.0841281  0.8 
 3.28398 -0.0903226  0.8 
 3.28039 -0.0989247  0.8 
 3.27871 -0.104534  0.8 
 3.27774 -0.107527  0.8 
 3.27598 -0.116129  0.8 
 3.27534 -0.124731  0.8 
 3.27603 -0.133333  0.8 
 3.2786 -0.141935  0.8 
 3.27871 -0.142135  0.8 
 3.28406 -0.150538  0.8 
 3.2873 -0.153365  0.8 
 3.29589 -0.158629  0.8 
 3.29705 -0.15914  0.8 
 3.30447 -0.16147  0.8 
 3.31306 -0.163104  0.8 
 3.32165 -0.163999  0.8 
 3.33023 -0.164413  0.8 
 3.33882 -0.164526  0.8 
 3.34741 -0.164479  0.8 
 3.35599 -0.164386  0.8 
 3.36458 -0.164335  0.8 
 3.37317 -0.164389  0.8 
 3.38175 -0.164589  0.8 
 3.39034 -0.164947  0.8 
 3.39893 -0.16545  0.8 
 3.40751 -0.166067  0.8 
 3.4161 -0.166752  0.8 
 3.42469 -0.167453  0.8 
 3.42871 -0.167742  0.8 
 3.43327 -0.168112  0.8 
 3.44186 -0.168691  0.8 
 3.45045 -0.169173  0.8 
 3.45903 -0.169559  0.8 
 3.46762 -0.169873  0.8 
 3.47621 -0.170186  0.8 
 3.48479 -0.170653  0.8 
 3.49338 -0.171673  0.8 
 3.50197 -0.1747  0.8 
 3.50409 -0.176344  0.8 
 3.50774 -0.184946  0.8 
 3.50774 -0.193548  0.8 
 3.50634 -0.202151  0.8 
 3.50392 -0.210753  0.8 
 3.50197 -0.215481  0.8 
 3.50071 -0.219355  0.8 
 3.49677 -0.227957  0.8 
 3.49338 -0.233656  0.8 
 3.4919 -0.236559  0.8 
 3.48615 -0.245161  0.8 
 3.48479 -0.246788  0.8 
 3.4794 -0.253763  0.8 
 3.47621 -0.2571  0.8 
 3.47133 -0.262366  0.8 
 3.46762 -0.265675  0.8 
 3.4616 -0.270968  0.8 
 3.45903 -0.272898  0.8 
 3.45045 -0.278997  0.8 
 3.44958 -0.27957  0.8 
 3.44186 -0.284097  0.8 
 3.43383 -0.288172  0.8 
 3.43327 -0.288429  0.8 
 3.42469 -0.291983  0.8 
 3.4161 -0.294865  0.8 
 3.40881 -0.296774  0.8 
 3.40751 -0.297104  0.8 
 3.39893 -0.298755  0.8 
 3.39034 -0.299818  0.8 
 3.38175 -0.30031  0.8 
 3.37317 -0.300241  0.8 
 3.36458 -0.299612  0.8 
 3.35599 -0.298418  0.8 
 3.34801 -0.296774  0.8 
 3.34741 -0.296648  0.8 
 3.33882 -0.29431  0.8 
 3.33023 -0.291354  0.8 
 3.32257 -0.288172  0.8 
 3.32165 -0.287764  0.8 
 3.31306 -0.283473  0.8 
 3.30617 -0.27957  0.8 
 3.30447 -0.2785  0.8 
 3.29589 -0.272735  0.8 
 3.29336 -0.270968  0.8 
 3.2873 -0.266125  0.8 
 3.28262 -0.262366  0.8 
 3.27871 -0.258697  0.8 
 3.27323 -0.253763  0.8 
 3.27013 -0.250464  0.8 
 3.26467 -0.245161  0.8 
 3.26154 -0.241583  0.8 
 3.2565 -0.236559  0.8 
 3.25295 -0.232496  0.8 
 3.24818 -0.227957  0.8 
 3.24436 -0.223941  0.8 
 3.23883 -0.219355  0.8 
 3.23578 -0.216682  0.8 
 3.22719 -0.211075  0.8 
 3.22656 -0.210753  0.8 
 3.2186 -0.206692  0.8 
 3.21002 -0.20354  0.8 
 3.20511 -0.202151  0.8 
 3.20143 -0.201121  0.8 
 3.19284 -0.199201  0.8 
 3.18426 -0.197689  0.8 
 3.17567 -0.196461  0.8 
 3.16708 -0.195438  0.8 
 3.1585 -0.19457  0.8 
 3.14991 -0.19382  0.8 
 3.14641 -0.193548  0.8 
 3.14132 -0.193151  0.8 
 3.13274 -0.192554  0.8 
 3.12415 -0.192023  0.8 
 3.11556 -0.191551  0.8 
 3.10698 -0.19113  0.8 
 3.09839 -0.190755  0.8 
 3.0898 -0.190424  0.8 
 3.08122 -0.190135  0.8 
 3.07263 -0.189887  0.8 
 3.06404 -0.189678  0.8 
 3.05546 -0.189511  0.8 
 3.04687 -0.189383  0.8 
 3.03828 -0.189298  0.8 
 3.0297 -0.189254  0.8 
 3.02111 -0.189253  0.8 
 3.01252 -0.189295  0.8 
 3.00394 -0.189381  0.8 
 2.99535 -0.18951  0.8 


# Contour 5, label:     0.75
 3.35599 -0.201566  0.75 
 3.35456 -0.202151  0.75 
 3.34741 -0.206687  0.75 
 3.34262 -0.210753  0.75 
 3.33882 -0.217702  0.75 
 3.33805 -0.219355  0.75 
 3.33794 -0.227957  0.75 
 3.33882 -0.230181  0.75 
 3.34173 -0.236559  0.75 
 3.34741 -0.242733  0.75 
 3.35032 -0.245161  0.75 
 3.35599 -0.248426  0.75 
 3.36458 -0.251666  0.75 
 3.37317 -0.253211  0.75 
 3.38175 -0.253104  0.75 
 3.39034 -0.25132  0.75 
 3.39893 -0.24776  0.75 
 3.40311 -0.245161  0.75 
 3.40751 -0.241117  0.75 
 3.41132 -0.236559  0.75 
 3.41469 -0.227957  0.75 
 3.41416 -0.219355  0.75 
 3.40936 -0.210753  0.75 
 3.40751 -0.209106  0.75 
 3.39893 -0.203073  0.75 
 3.39705 -0.202151  0.75 
 3.39034 -0.199959  0.75 
 3.38175 -0.198432  0.75 
 3.37317 -0.198189  0.75 
 3.36458 -0.199227  0.75 
 3.35599 -0.201566  0.75 

 3.78533  0.230889  0.75 
 3.77999  0.227957  0.75 
 3.78533  0.223536  0.75 
 3.79293  0.227957  0.75 
 3.78533  0.230889  0.75 

 2.99535  0.25394  0.75 
 2.9957  0.253763  0.75 
 3.00394  0.248595  0.75 
 3.00827  0.245161  0.75 
 3.01252  0.240391  0.75 
 3.01553  0.236559  0.75 
 3.0194  0.227957  0.75 
 3.02041  0.219355  0.75 
 3.01834  0.210753  0.75 
 3.01252  0.202345  0.75 
 3.01237  0.202151  0.75 
 3.00394  0.195917  0.75 
 2.99989  0.193548  0.75 
 2.99535  0.191651  0.75 

