# theta_deg utheta_near_wall[m/s] speed_near_wall[m/s] omega_wall[1/s] cp_bernoulli_est_near_wall
0.0000000000e+00 1.1697885372e-06 2.3367230452e-03 1.4009837183e-01 9.9999998635e-01
3.6000000000e+00 2.6269113453e-01 2.6270127593e-01 2.9393624796e+04 9.9982747010e-01
7.2000000000e+00 5.1871781538e-01 5.1872261205e-01 5.8071881557e+04 9.9932731713e-01
1.0800000000e+01 7.6324668320e-01 7.6324960082e-01 8.5514608704e+04 9.9854362512e-01
1.4400000000e+01 9.9111217159e-01 9.9111407433e-01 1.1116476129e+05 9.9754423223e-01
1.8000000000e+01 1.1963312711e+00 1.1963325023e+00 1.3437317278e+05 9.9642197136e-01
2.1600000000e+01 1.3716407083e+00 1.3716414440e+00 1.5434401447e+05 9.9529649937e-01
2.5200000000e+01 1.5083453908e+00 1.5083457535e+00 1.7011416789e+05 9.9431223272e-01
2.8800000000e+01 1.5973379393e+00 1.5973380539e+00 1.8066015847e+05 9.9362127785e-01
3.2400000000e+01 1.6328780124e+00 1.6328780188e+00 1.8533750730e+05 9.9333427344e-01
3.6000000000e+01 1.6158630504e+00 1.6158630779e+00 1.8429999999e+05 9.9347246628e-01
3.9600000000e+01 1.5482054855e+00 1.5482056518e+00 1.7783563406e+05 9.9400764815e-01
4.3200000000e+01 1.4321531998e+00 1.4321536298e+00 1.6624539640e+05 9.9487233995e-01
4.6800000000e+01 1.2707908580e+00 1.2707917113e+00 1.4991373736e+05 9.9596272107e-01
5.0400000000e+01 1.0671340356e+00 1.0671355729e+00 1.2919653230e+05 9.9715305417e-01
5.4000000000e+01 8.2350400759e-01 8.2350677357e-01 1.0434318589e+05 9.9830459148e-01
5.7600000000e+01 5.4156733654e-01 5.4157286431e-01 7.5499953197e+04 9.9926674708e-01
6.1200000000e+01 2.2296876433e-01 2.2298568903e-01 4.2784256529e+04 9.9987569346e-01
6.4800000000e+01 -1.2983601543e-01 1.2987128991e-01 6.3837765227e+03 9.9995783362e-01
6.8400000000e+01 -5.1283784929e-01 5.1284827720e-01 -3.3361609201e+04 9.9934246661e-01
7.2000000000e+01 -9.2009070023e-01 9.2009721471e-01 -7.5893502823e+04 9.9788355279e-01
7.5600000000e+01 -1.3440427449e+00 1.3440475378e+00 -1.2046701178e+05 9.9548384054e-01
7.9200000000e+01 -1.7759695805e+00 1.7759733162e+00 -1.6619536424e+05 9.9211479695e-01
8.2800000000e+01 -2.2065443719e+00 2.2065473380e+00 -2.1210859283e+05 9.8782787211e-01
8.6400000000e+01 -2.6264174345e+00 2.6264197876e+00 -2.5721571968e+05 9.8275479775e-01
9.0000000000e+01 -3.0266864961e+00 3.0266883388e+00 -3.0055711261e+05 9.7709789425e-01
9.3600000000e+01 -3.3991862683e+00 3.3991876781e+00 -3.4123846774e+05 9.7111380782e-01
9.7200000000e+01 -3.7365660052e+00 3.7365670462e+00 -3.7844195605e+05 9.6509516677e-01
1.0080000000e+02 -4.0321394527e+00 4.0321401808e+00 -4.1141096654e+05 9.5935461391e-01
1.0440000000e+02 -4.2795330599e+00 4.2795335269e+00 -4.3940584180e+05 9.5421398198e-01
1.0800000000e+02 -4.4728915678e+00 4.4728918304e+00 -4.6170969934e+05 9.4998309668e-01
1.1160000000e+02 -4.6097727627e+00 4.6097728848e+00 -4.7796296450e+05 9.4687498488e-01
1.1520000000e+02 -4.6928506531e+00 4.6928506941e+00 -4.8839827566e+05 9.4494288091e-01
1.1880000000e+02 -4.7272415001e+00 4.7272415051e+00 -4.9356460203e+05 9.4413296938e-01
1.2240000000e+02 -4.7167031260e+00 4.7167031288e+00 -4.9387329524e+05 9.4438177899e-01
1.2600000000e+02 -4.6631058579e+00 4.6631058876e+00 -4.8951882570e+05 9.4563860870e-01
1.2960000000e+02 -4.5677254110e+00 4.5677254963e+00 -4.8062382505e+05 9.4783970948e-01
1.3320000000e+02 -4.4318614343e+00 4.4318616043e+00 -4.6731300892e+05 9.5089650680e-01
1.3680000000e+02 -4.2570177123e+00 4.2570179981e+00 -4.4973489126e+05 9.5469449441e-01
1.4040000000e+02 -4.0449559944e+00 4.0449564297e+00 -4.2806847273e+05 9.5909581871e-01
1.4400000000e+02 -3.7977061444e+00 3.7977067673e+00 -4.0252469752e+05 9.6394355827e-01
1.4760000000e+02 -3.5175594189e+00 3.5175602745e+00 -3.7334585602e+05 9.6906692429e-01
1.5120000000e+02 -3.2070542599e+00 3.2070554039e+00 -3.4080404873e+05 9.7428698909e-01
1.5480000000e+02 -2.8689581184e+00 2.8689596242e+00 -3.0519913089e+05 9.7942267669e-01
1.5840000000e+02 -2.5062467505e+00 2.5062487214e+00 -2.6685631160e+05 9.8429679337e-01
1.6200000000e+02 -2.1220816625e+00 2.1220842574e+00 -2.2612349152e+05 9.8874189601e-01
1.6560000000e+02 -1.7197860980e+00 1.7197895867e+00 -1.8336838915e+05 9.9260580944e-01
1.6920000000e+02 -1.3028198552e+00 1.3028247696e+00 -1.3897549463e+05 9.9575661905e-01
1.7280000000e+02 -8.7475324485e-01 8.7476090471e-01 -9.3342891550e+04 9.9808698340e-01
1.7640000000e+02 -4.3924082058e-01 4.3925649080e-01 -4.6879024133e+04 9.9951763434e-01
1.8000000000e+02 9.5991922380e-07 3.7267959018e-03 1.0467822558e-01 9.9999996528e-01
1.8360000000e+02 4.3924274821e-01 4.3925841836e-01 4.6879234367e+04 9.9951763010e-01
1.8720000000e+02 8.7475519708e-01 8.7476285692e-01 9.3343104555e+04 9.9808697486e-01
1.9080000000e+02 1.3028218492e+00 1.3028267635e+00 1.3897571233e+05 9.9575660606e-01
1.9440000000e+02 1.7197881512e+00 1.7197916399e+00 1.8336861352e+05 9.9260579179e-01
1.9800000000e+02 2.1220837932e+00 2.1220863880e+00 2.2612372460e+05 9.8874187340e-01
2.0160000000e+02 2.5062489776e+00 2.5062509486e+00 2.6685655552e+05 9.8429676546e-01
2.0520000000e+02 2.8689604620e+00 2.8689619677e+00 3.0519938788e+05 9.7942264307e-01
2.0880000000e+02 3.2070567410e+00 3.2070578849e+00 3.4080432113e+05 9.7428694931e-01
2.1240000000e+02 3.5175620595e+00 3.5175629150e+00 3.7334614625e+05 9.6906687785e-01
2.1600000000e+02 3.7977089676e+00 3.7977095905e+00 4.0252500815e+05 9.6394350466e-01
2.1960000000e+02 4.0449590243e+00 4.0449594596e+00 4.2806880638e+05 9.5909575743e-01
2.2320000000e+02 4.2570209735e+00 4.2570212593e+00 4.4973525059e+05 9.5469442499e-01
2.2680000000e+02 4.4318649512e+00 4.4318651212e+00 4.6731339655e+05 9.5089642887e-01
2.3040000000e+02 4.5677292070e+00 4.5677292923e+00 4.8062424344e+05 9.4783962278e-01
2.3400000000e+02 4.6631099538e+00 4.6631099836e+00 4.8951927699e+05 9.4563851320e-01
2.3760000000e+02 4.7167075384e+00 4.7167075411e+00 4.9387378105e+05 9.4438167493e-01
2.4120000000e+02 4.7272462389e+00 4.7272462439e+00 4.9356512319e+05 9.4413285737e-01
2.4480000000e+02 4.6928557229e+00 4.6928557638e+00 4.8839883240e+05 9.4494276195e-01
2.4840000000e+02 4.6097781531e+00 4.6097782752e+00 4.7796355519e+05 9.4687486063e-01
2.5200000000e+02 4.4728972411e+00 4.4728975037e+00 4.6171031921e+05 9.4998296980e-01
2.5560000000e+02 4.2795389075e+00 4.2795393745e+00 4.3940647797e+05 9.5421385685e-01
2.5920000000e+02 4.0321452997e+00 4.0321460278e+00 4.1141159890e+05 9.5935449603e-01
2.6280000000e+02 3.7365716342e+00 3.7365726753e+00 3.7844256018e+05 9.6509506161e-01
2.6640000000e+02 3.3991914312e+00 3.3991928410e+00 3.4123901625e+05 9.7111372007e-01
2.7000000000e+02 3.0266909184e+00 3.0266927611e+00 3.0055757565e+05 9.7709782732e-01
2.7360000000e+02 2.6264208287e+00 2.6264231818e+00 2.5721606646e+05 9.8275475317e-01
2.7720000000e+02 2.2065464591e+00 2.2065494253e+00 2.1210879406e+05 9.8782784908e-01
2.8080000000e+02 1.7759701184e+00 1.7759738542e+00 1.6619539520e+05 9.9211479217e-01
2.8440000000e+02 1.3440415574e+00 1.3440463504e+00 1.2046685539e+05 9.9548384852e-01
2.8800000000e+02 9.2008770156e-01 9.2009421613e-01 7.5893152086e+04 9.9788356658e-01
2.9160000000e+02 5.1283305672e-01 5.1284348482e-01 3.3361068236e+04 9.9934247890e-01
2.9520000000e+02 1.2982954555e-01 1.2986482209e-01 -6.3844932804e+03 9.9995783782e-01
2.9880000000e+02 -2.2297671691e-01 2.2299364115e-01 -4.2785127204e+04 9.9987568459e-01
3.0240000000e+02 -5.4157653559e-01 5.4158206330e-01 -7.5500952485e+04 9.9926672217e-01
3.0600000000e+02 -8.2351419552e-01 8.2351696148e-01 -1.0434428713e+05 9.9830454954e-01
3.0960000000e+02 -1.0671449514e+00 1.0671464887e+00 -1.2919770953e+05 9.9715299593e-01
3.1320000000e+02 -1.2708022151e+00 1.2708030684e+00 -1.4991496155e+05 9.9596264890e-01
3.1680000000e+02 -1.4321646731e+00 1.4321651031e+00 -1.6624663451e+05 9.9487225779e-01
3.2040000000e+02 -1.5482166826e+00 1.5482168489e+00 -1.7783684438e+05 9.9400756147e-01
3.2400000000e+02 -1.6158735275e+00 1.6158735550e+00 -1.8430113383e+05 9.9347238164e-01
3.2760000000e+02 -1.6328873200e+00 1.6328873264e+00 -1.8533851425e+05 9.9333419745e-01
3.3120000000e+02 -1.5973455759e+00 1.5973456905e+00 -1.8066098007e+05 9.9362121686e-01
3.3480000000e+02 -1.5083510236e+00 1.5083513864e+00 -1.7011476638e+05 9.9431219024e-01
3.3840000000e+02 -1.3716443258e+00 1.3716450616e+00 -1.5434438926e+05 9.9529647456e-01
3.4200000000e+02 -1.1963330598e+00 1.1963342910e+00 -1.3437334477e+05 9.9642196066e-01
3.4560000000e+02 -9.9111241861e-01 9.9111432138e-01 -1.1116476299e+05 9.9754423100e-01
3.4920000000e+02 -7.6324572146e-01 7.6324863911e-01 -8.5514477239e+04 9.9854362879e-01
3.5280000000e+02 -5.1871600999e-01 5.1872080670e-01 -5.8071657653e+04 9.9932732181e-01
3.5640000000e+02 -2.6268887369e-01 2.6269901520e-01 -2.9393351712e+04 9.9982747307e-01
0.0000000000e+00 1.1697885372e-06 2.3367230452e-03 1.4009837183e-01 9.9999998635e-01
